0
أمير حاج بن المجد عبد الرحمن بن الجيعان
